1
5
8
12
36
46
50
88
102
104
125
130
135
135
137
137
145
154
156
167
172
173
176
204
215
241
246
251
263
263
267
279
280
289
293
301
304
308
314
316
318
323
348
367
371
390
392
394
398
398
402
415
419
470
473
480
483
487
489
493
507
513
517
523
525
527
532
536
538
551
560
563
582
585
586
590
598
607
612
612
613
615
623
629
635
647
670
673
680
682
682
682
689
692
702
705
708
709
716
719
722
731
734
734
741
747
751
753
754
755
792
812
819
821
821
822
845
845
847
847
857
862
865
871
890
891
892
912
917
927
928
934
936
937
939
947
949
956
957
959
965
971
972
976
985
986
